Record { fixed_acid: 7.0, volatile_acid: 0.27, citric_acid: 0.36, residual_sugar: 20.7, chlorides: 0.045, free_sulfur_diox: 45, total_sulfur_diox: 170, density: 1.001, ph: 3.0, sulphates: 0.45, alcohol: 8.8, quality: 0 }
0.0
52.63918
75.81167
20.251717
20.251717
75.81167
39.6238
0.0
52.63918
48.422577
113.96064
69.14224
101.24788
33.467453
4.974076
63.471592
75.176476
98.37769
34.287018
40.8054
98.37769
74.98054
51.808838
27.811245
44.756443
76.717125
32.645733
34.01532
51.18801
59.683
38.972145
130.2346
73.8107
56.413857
25.42895
56.23285
32.815834
38.19766
21.183641
21.183641
28.279478
28.466303
23.810068
29.003616
27.805603
20.787807
43.444798
43.879906
23.810068
28.576872
24.049778
50.411293
93.32377
65.36799
43.419415
32.83645
44.62213
24.980284
95.52697
62.159206
51.80483
24.980284
39.143158
95.52697
53.617268
56.010284
51.568928
41.15111
77.78695
70.100235
75.180504
176.59242
37.587234
106.25797
77.78695
70.100235
86.44531
105.89022
70.65443
70.9604
60.274616
8.621597
15.958405
39.178375
19.62983
21.26831
19.75438
40.68983
19.62983
21.26831
19.75438
76.8382
39.185738
39.201134
29.809326
72.512535
20.52211
96.89985
96.765816
20.52211
24.188652
23.425749
14.54157
2.1291373
24.188652
62.30579
23.425749
15.613678
15.613678
27.050426
23.646341
85.02275
34.770416
28.080278
28.080278
78.9321
37.93577
91.848
34.770416
29.580927
87.71164
33.255085
43.702442
42.233814
23.135605
37.97592
48.813847
35.64945
20.267595
22.942787
119.683716
35.64945
72.76773
18.692253
36.71336
10.38327
53.54739
18.579338
77.83648
96.81792
98.07544
18.579338
66.355995
75.85555
89.00387
59.9088
21.077124
80.43604
95.11103
60.629524
22.235653
38.80539
60.629524
75.68276
100.506966
28.949575
28.949575
50.472885
54.698223
54.698223
50.472885
21.998535
91.883804
28.949575
40.55078
28.953735
30.19353
77.02918
33.534756
72.98686
44.820686
81.45136
83.571396
45.439487
12.816268
23.812975
109.35657
14.370014
74.30697
16.841944
15.803049
28.380938
4.443997
60.461483
59.789658
64.1779
12.689897
53.743305
66.2043
42.779934
43.93216
4.443997
51.634262
48.89075
36.247658
36.841908
36.903862
46.727848
35.535877
46.727848
28.239779
35.535877
66.910515
37.264404
59.6577
19.292902
46.249218
54.43347
99.46623
29.6228
107.79133
62.923927
46.249218
52.32862
68.58223
23.625526
15.125985
23.625526
15.697156
16.667341
15.125985
16.546158
68.58223
34.878933
38.163998
25.87546
35.388195
104.658
35.388195
25.87546
35.58655
28.175539
40.353943
26.777798
26.777798
26.777798
26.777798
52.33612
53.879036
20.930647
28.180836
83.98506
75.6683
176.77658
29.989109
172.86414
41.01833
100.58044
101.508354
58.63917
33.592422
27.722307
29.989109
75.01319
24.049553
30.232605
83.2371
83.2371
59.621117
105.77966
64.50727
16.69101
81.751236
64.90854
30.366793
16.69101
20.567177
27.503641
30.577335
28.308596
20.567177
29.411884
23.335583
51.746716
66.27632
13.320772
13.292628
117.404884
109.33223
72.65052
65.02224
58.963654
34.76155
27.173447
28.515556
16.922222
21.496815
23.288065
23.288065
23.288065
23.288065
22.702368
26.269104
26.673008
25.18871
22.962072
15.786467
44.152973
32.651115
54.555954
85.673164
103.44876
85.673164
19.894117
16.111666
16.111666
16.472153
15.145069
42.117607
28.654274
78.072426
17.545984
28.21724
15.851727
15.356773
47.3536
40.94301
38.445984
47.105274
108.31254
110.96329
38.445984
40.94301
36.353825
53.69537
167.54166
46.88368
31.658457
27.45971
88.02271
71.75664
39.38953
86.30635
41.37515
97.05688
86.30635
74.16196
13.127735
49.298485
35.044445
27.922499
53.255318
35.305614
31.535442
30.764864
43.874336
106.832985
33.92859
52.96728
36.084496
30.551426
37.34369
49.21546
37.34369
88.9824
22.161
22.161
28.768045
37.202915
18.555618
13.455238
90.6496
45.958588
22.161
75.48917
61.760178
33.58463
30.141344
22.076456
100.20059
30.141344
22.076456
48.354626
31.64035
87.59223
87.59223
63.731266
78.3202
36.603916
63.731266
78.3202
12.543724
25.56665
31.64035
54.439484
87.59223
61.991325
101.716736
37.29809
19.492292
19.492292
110.5788
53.130337
105.77034
20.42838
46.324203
80.74296
66.67166
7.8071003
89.79817
66.67166
20.42838
68.89564
82.64557
19.129738
46.324203
73.229
58.56377
60.49861
80.74296
15.399518
31.842358
88.18852
88.18852
15.399518
31.842358
75.80549
43.739113
75.80549
40.012203
38.874763
53.98741
53.047626
53.047626
14.992749
53.98741
53.047626
25.30194
86.98848
29.337612
25.30194
91.96544
65.582016
39.63603
68.905556
77.40783
172.38661
25.647272
65.582016
68.62386
73.74175
41.126213
48.757484
76.01845
31.478811
108.43641
27.62789
61.125885
61.125885
48.35605
26.625443
47.621685
27.436285
61.53763
48.35605
61.126785
96.36409
63.15797
171.71564
88.434296
63.15797
7.520221
12.639096
107.919914
24.479586
46.60521
32.547153
107.919914
24.479586
18.63397
28.215538
36.360806
89.9756
42.644966
71.51327
58.682453
68.053535
60.43642
31.021282
29.734962
18.428276
68.82538
34.0855
18.428276
47.500473
57.09928
56.42409
83.36157
23.06586
16.425577
108.480354
111.777
17.15048
28.24092
71.223656
22.388884
32.926926
30.19331
37.833076
32.926926
31.58434
10.723813
57.541687
57.54071
31.207703
31.207703
54.51536
19.527079
27.048342
19.527079
41.12168
41.794243
35.808174
118.01473
57.32202
25.372604
24.999096
25.214293
97.20029
134.75572
49.455765
49.455765
75.32022
79.83242
107.340416
40.560406
148.00418
58.801445
71.950935
65.654335
70.25767
32.25753
13.581307
13.581307
13.581307
10.587722
10.587722
13.581307
113.05803
44.25554
37.06367
39.38638
36.84827
29.75535
11.24295
28.837109
15.389632
92.07078
49.37067
39.38638
8.948924
80.72393
57.00303
8.948924
57.00303
80.72393
26.528086
47.940784
12.835269
31.569727
27.054867
46.560135
19.347193
49.40991
18.614042
73.7581
138.87494
28.7976
29.259386
17.971142
41.210342
68.2803
11.89542
26.763496
37.710014
24.282413
25.566307
25.172626
68.2803
39.172844
41.210342
64.46281
14.536768
91.55882
42.800045
91.55882
19.545628
39.825222
52.537193
42.172924
45.205807
54.725304
26.94059
55.988094
56.65341
52.34143
26.94059
49.635365
57.54753
120.689095
23.53677
68.3268
55.988094
56.65341
42.274967
42.274967
19.187632
19.187632
10.006558
84.226295
56.36113
84.82585
39.082592
38.915474
38.915474
39.082592
76.380806
32.133373
28.473928
41.741074
53.9962
12.86707
39.67962
115.71957
49.617702
40.943314
26.168432
61.406097
61.406097
76.87417
27.983513
27.983513
51.17163
18.874208
25.862389
35.901577
40.814518
31.01308
32.309635
31.159433
48.78703
23.318773
25.679302
15.98729
16.505817
13.565088
46.798035
28.151546
27.251398
22.378613
22.378613
22.378613
22.378613
38.59257
44.580856
57.29942
78.79654
49.24825
25.617228
176.91533
92.18919
37.81045
31.019999
92.18919
18.376015
49.139793
32.38716
18.376015
21.254686
44.60367
33.09384
75.226974
21.290606
51.753815
39.252655
33.96161
54.790577
80.77761
80.77761
80.77916
29.259205
38.305717
18.442621
23.134714
23.706762
33.151333
62.823475
33.431248
55.318676
49.998802
43.718002
32.735546
27.045628
23.573074
55.42751
28.931719
81.844635
38.478565
38.478565
38.57213
32.33732
47.575333
91.66893
64.90328
63.74166
133.73543
50.383617
20.773832
40.61027
81.22175
10.742314
48.35822
48.35822
46.574085
25.577238
27.943686
57.122276
17.143486
27.943686
48.047424
22.137465
37.635918
51.199314
84.891426
56.127407
40.479992
59.00309
74.82428
20.458435
42.549324
37.570698
78.13257
125.803986
15.295325
29.139462
53.038338
15.295325
29.139462
33.14603
53.038338
157.08208
117.132965
43.22915
21.02217
26.774794
61.06925
85.06935
18.680498
14.031274
15.687446
18.680498
34.849922
39.866985
85.06935
48.255398
67.13308
10.921251
24.977242
40.467625
41.93616
14.031274
13.336546
77.659775
42.704247
18.236868
41.166702
77.28954
131.1081
58.370842
58.370842
54.749275
38.12678
36.285774
6.110126
50.140087
70.46699
79.29822
27.966612
17.125025
25.960642
122.67248
44.45652
17.125025
25.960642
27.966612
53.84909
55.676296
55.676296
58.888256
53.84909
55.676296
82.02759
32.381733
82.02759
20.75853
20.31404
46.65262
19.001911
61.073166
101.808266
13.151187
56.16506
52.22189
10.66885
63.284687
13.151187
37.76628
36.264
79.0747
38.65825
56.16506
60.448097
42.199547
5.9603863
59.260036
52.79325
101.719086
42.809315
52.79325
42.809315
89.68911
46.515514
68.641174
55.687695
101.719086
16.532799
28.755682
40.603207
84.43611
85.79707
63.918407
20.988882
65.61423
91.95631
63.918407
65.19396
25.094336
25.094336
25.094336
57.02293
56.94728
12.537863
12.537863
72.59524
57.704777
57.704777
24.627335
102.86941
12.537863
69.39464
72.59524
15.403152
56.667374
21.673683
56.667374
59.07383
15.403152
15.743132
27.889433
22.234724
70.02036
18.182632
20.024487
65.533134
19.441494
59.386772
56.667374
28.487047
8.064678
75.9943
37.409626
21.673683
52.431183
144.05931
113.31234
38.38958
55.068737
69.769745
63.53936
67.54404
38.38958
63.678425
52.70268
52.70268
66.92103
72.04306
20.413292
82.92148
20.413292
82.92148
15.164223
59.562923
59.791313
47.875664
59.562923
108.54233
73.34848
91.3549
109.59047
73.38146
31.921152
60.565125
62.195168
41.132698
21.723513
80.181755
106.552055
51.94815
27.024334
47.63986
36.616856
38.57392
37.11871
145.44362
95.55531
145.4454
37.79646
54.499195
68.37476
70.58831
33.64372
22.64061
22.64061
51.60976
26.52012
79.009026
93.725815
19.375832
12.756074
55.384315
90.56047
63.45862
65.71887
39.658676
66.256744
63.661945
110.515366
55.384315
76.01836
25.343636
30.491697
45.83843
86.122894
41.57498
50.235817
69.01326
36.520504
36.585815
119.58727
94.74652
50.500664
34.81912
79.85301
56.78248
34.81912
50.500664
52.449715
95.26449
96.17924
9.655213
9.655213
71.70631
9.655213
64.309395
21.772493
77.69985
26.194174
18.66497
82.323425
107.27082
73.54453
66.46482
18.66497
82.323425
66.80536
65.41795
42.158432
24.433214
24.377901
122.670135
122.031944
24.377901
104.31964
97.5127
33.675304
54.01438
17.932907
17.078615
33.675304
65.787384
32.38562
109.65772
56.04247
115.49125
33.020306
30.79518
147.58739
24.25316
14.551019
19.418596
92.715904
50.655117
54.878895
47.581818
24.991877
85.3062
24.991877
93.989975
34.982994
33.55541
67.05386
24.522774
75.795715
44.418365
21.32807
65.17508
35.322205
67.05386
23.418451
29.204794
50.029816
50.029816
24.42806
11.414414
32.25157
51.229214
35.65192
115.24706
46.598164
75.795746
28.392374
63.38652
79.47614
79.47614
59.12865
29.70681
100.632935
100.11004
68.830055
77.62524
46.47244
100.46495
73.0004
73.6942
81.420456
82.93193
69.50689
117.66304
101.543236
57.169792
27.46615
51.40573
90.37686
61.11766
117.66304
63.900345
65.010574
30.721537
65.010574
20.302357
54.631596
19.993406
66.48782
37.1657
22.119232
46.285675
22.902401
50.021683
91.69852
30.848497
23.60258
46.285675
55.97692
32.406788
25.626118
52.219944
16.736115
42.737793
29.510195
60.97155
56.180813
22.292498
22.292498
20.454567
35.856773
19.48061
51.33151
51.255753
20.454567
53.992413
46.399956
14.230131
31.948124
43.603207
19.221823
78.18852
33.255657
35.856773
52.659954
62.812267
22.292498
65.566666
32.43877
67.30852
19.48061
33.173073
51.33151
87.04788
101.17464
37.815155
87.04788
82.245285
15.047374
74.30793
150.69958
77.23241
112.99891
49.152267
112.99992
38.031906
65.47107
58.32281
83.448235
60.404232
47.757896
18.656544
34.186344
75.58583
76.515686
56.56851
24.132921
49.847336
19.836996
61.66763
52.76176
19.19368
30.702877
28.030178
41.432194
82.48491
118.09578
31.430658
41.432194
47.04048
46.25624
60.49253
40.65482
42.3497
62.9766
54.21141
56.11317
60.49253
95.393234
73.26561
17.857681
26.728096
41.52757
41.52757
176.64291
41.52757
26.295895
41.52757
28.2145
176.64291
103.4653
44.86864
95.7362
64.45133
100.92089
26.295895
62.564304
61.97036
64.77556
72.89581
44.918377
17.316553
33.662212
37.26815
20.91519
64.65228
61.97036
52.787815
72.89581
42.259895
36.62568
59.199547
33.252983
68.76605
33.207657
123.25109
64.77556
39.369778
65.30113
175.95657
48.499496
30.793371
39.369778
175.95657
65.30113
84.16776
79.78583
98.78634
27.401236
83.24977
83.24977
49.281353
16.838833
27.401236
40.9141
51.316616
116.9524
28.460638
27.667316
83.24977
117.76509
14.360816
84.32656
54.92091
50.262405
84.32656
176.95341
45.88339
63.112003
14.360816
72.32516
88.76694
72.32516
66.55494
67.23698
81.25218
68.442665
58.62821
80.55331
44.97491
24.65201
31.472797
88.76694
57.558186
47.01207
26.058022
20.57684
27.973799
33.797977
47.01207
47.43976
65.342354
16.417418
94.28955
102.089745
27.030401
18.901737
32.789013
33.932102
21.046396
30.942472
70.51591
28.830019
69.688065
48.552143
78.61371
69.75314
27.592342
28.830019
72.193
103.395996
16.716242
57.286583
9.3465395
36.13555
23.45204
9.3465395
53.008396
21.693161
53.008396
23.45204
49.381165
9.3465395
36.13555
53.364384
40.082504
39.1338
27.084902
25.793737
23.321615
27.084902
39.1338
30.301006
63.901005
66.07238
98.66555
79.97777
25.599356
98.129105
78.2689
78.289894
25.599356
44.690777
52.609936
17.389545
16.683666
19.87501
15.743491
44.781746
20.892105
60.272633
65.435196
68.69695
40.552673
50.01327
84.320175
30.076448
57.196846
36.428654
39.985664
14.5906105
22.620014
27.951313
31.648638
79.13963
67.016426
71.00771
64.797676
31.790707
21.74247
33.17339
61.482613
18.487148
19.534216
96.628426
73.003044
68.04013
64.67479
46.806694
27.59335
68.755264
30.470535
18.00457
82.41432
82.41432
55.30977
53.137474
41.685925
55.30977
15.502052
20.64369
61.070675
16.489428
19.556396
18.00457
114.80627
55.968414
43.849667
30.470535
82.41432
21.049936
34.194973
23.860367
14.676672
70.24426
44.90975
22.222496
171.0281
58.42207
82.152824
34.194973
37.177673
80.93536
63.14283
23.860367
16.657978
61.28969
14.973228
18.85583
18.85583
56.38259
46.823956
56.434498
52.42963
42.605648
62.69516
23.75412
76.57863
81.75058
73.50768
57.799038
41.989613
63.15766
92.01541
46.953636
35.759106
50.329388
93.75384
92.01541
75.48688
63.15766
76.71431
46.953636
32.52479
32.52479
89.27671
32.52479
53.98665
52.34171
48.650017
103.80598
65.55876
87.67296
98.00158
32.52479
57.830154
74.77961
89.27671
29.563492
53.246677
45.610115
111.24632
54.61798
175.9518
50.62843
71.988464
37.82564
86.34248
70.79737
56.832375
53.246677
50.23875
37.74088
26.203325
92.72668
89.37673
66.029
89.37673
83.33677
74.84555
26.203325
80.59123
73.32001
92.72668
47.644764
61.58306
15.349122
62.995808
59.28445
48.93675
16.560564
44.961376
81.09539
38.926243
38.926243
15.04014
16.560564
50.640743
16.560564
17.730032
61.226536
22.1743
81.09539
44.961376
31.950191
44.267265
48.247852
18.862564
38.926243
51.30114
22.646723
33.516228
15.04014
77.6311
115.611916
50.640743
17.730032
16.560564
129.56425
44.97896
92.42254
39.895172
19.210157
77.23801
20.599903
55.632034
39.895172
53.291878
27.768383
92.42254
54.07947
54.157745
123.84758
2.277056
59.166588
18.63708
59.04826
84.14246
21.404867
16.91697
20.583988
29.408491
116.49949
49.26677
88.946236
39.36792
44.045437
22.054722
59.71273
53.205242
49.509563
44.83869
37.760384
21.738194
8.050053
44.09714
47.00776
56.137333
41.044567
14.578706
44.045437
40.70003
21.164223
15.2536125
79.5779
22.054722
20.552635
59.71273
36.241627
23.674131
12.91414
16.353476
27.952417
28.437277
27.012177
12.91414
16.353476
23.29765
44.176926
66.24699
7.9627457
58.83175
152.41382
32.307514
69.62157
66.24699
7.9627457
87.796555
71.13182
75.61506
152.41382
26.690304
23.523062
21.88932
71.877525
58.83175
22.23417
45.407677
26.398169
27.797396
19.182446
31.051811
16.109995
22.23417
65.721375
119.796745
26.72236
70.31948
51.742985
26.72236
70.31948
58.007122
15.250335
68.079384
22.305273
22.737186
21.512077
22.305273
14.807561
61.68227
66.89397
27.17476
101.07052
53.932617
12.846472
22.798325
60.51009
88.082794
63.50979
12.846472
41.67877
8.836756
32.13535
41.67877
8.836756
54.796608
25.369568
17.451796
65.30747
113.71049
38.807114
39.24481
52.526337
39.24481
68.26
82.29648
38.807114
55.456047
96.15761
123.659325
38.02893
61.678402
64.00753
54.37567
66.55004
42.975456
64.00753
76.28515
86.551575
53.684113
40.39863
35.747078
41.613007
43.343803
73.81231
46.72447
86.551575
51.709076
31.801327
58.75859
43.78377
18.730402
28.038647
51.709076
71.48173
77.00865
65.46839
71.48173
63.114277
68.56434
58.361656
53.658634
29.780764
22.052828
50.684414
69.823654
29.780764
23.37493
36.713898
27.834698
36.713898
24.431461
23.37493
77.83208
73.91196
20.435867
46.2817
39.912518
57.913925
15.989295
32.39074
38.5617
78.39533
18.931946
52.13629
49.42123
51.623405
26.041744
61.13598
15.989295
15.730229
59.504807
95.696724
46.25258
103.01931
61.012226
21.017265
86.148544
16.531069
19.662806
42.83255
58.807236
86.148544
27.993107
14.531557
61.361156
27.129023
43.648056
36.94315
36.94315
51.558773
36.94315
25.837467
51.558773
67.1455
53.677162
42.92425
36.94315
46.32855
31.836203
27.88014
43.153675
21.008535
28.23793
46.32855
21.811234
56.218174
39.2841
70.2114
29.83711
33.003803
48.920567
24.257137
10.244638
29.077787
13.291102
110.46689
53.974342
27.921328
43.037247
56.703064
29.333952
65.72797
42.777355
26.820923
104.886536
25.635672
34.22176
25.306501
29.333952
52.43687
26.145565
76.364555
48.306473
56.703064
35.03008
73.87551
36.93428
61.89689
51.14356
19.33993
21.343315
74.60978
19.33993
76.13129
123.69669
32.961826
31.305801
28.68775
16.170572
39.86855
68.56802
85.36567
16.170572
75.065
39.955833
11.139939
25.539314
29.409733
34.925755
80.13123
28.68775
35.590603
47.879707
123.15965
66.00445
29.0094
50.39838
78.6325
64.729744
35.590603
47.879707
42.558212
21.617775
34.9173
71.01098
19.665125
35.205635
19.066177
19.665125
74.177765
39.069916
10.215923
35.205635
27.688602
27.688602
25.32045
47.80327
41.32959
77.828926
46.165516
41.32959
60.148094
22.934763
50.510803
33.142876
27.84562
59.78771
35.22413
17.490875
57.74379
34.32388
51.408333
44.38554
12.57587
18.727564
26.379717
109.27539
12.57587
18.727564
26.379717
54.097454
67.17195
21.37601
54.097454
21.37601
24.537212
67.17195
101.55959
68.66317
73.41012
39.896187
41.21536
59.442753
78.749535
44.361897
39.896187
66.70519
73.41012
63.64785
14.493294
93.762535
14.493294
63.64785
72.17378
11.047549
11.047549
21.25661
11.047549
21.25661
18.329723
44.496986
70.03855
70.95946
78.02434
70.03855
29.46488
70.95946
94.46248
36.112045
81.37068
15.967703
23.522293
15.967703
73.902435
27.163145
22.709326
81.37068
47.939014
71.75604
14.577901
47.11601
24.85308
37.805496
36.59141
47.11601
22.003716
38.1754
72.32732
36.53936
55.15437
35.059284
29.811579
35.57377
29.677591
32.680157
22.562748
17.293364
20.002747
20.002747
22.428972
29.8012
35.501747
97.0764
78.39595
73.96303
43.48194
73.96303
43.48194
43.48194
49.023746
73.96303
66.28251
11.465197
16.091038
64.678375
43.48194
27.919968
28.546541
28.546541
21.890697
51.550632
15.46377
15.46377
87.22835
68.84849
8.334186
61.89977
25.166212
69.853226
51.550632
15.46377
60.817463
28.984442
76.051056
45.738693
18.441467
103.94077
64.39775
34.83254
43.07152
76.051056
18.441467
103.94077
13.035226
23.048944
47.585014
45.738693
49.225372
117.944984
77.3612
81.26207
82.53193
19.228132
27.074493
11.454904
59.08844
176.8606
83.940544
24.941843
87.499695
11.454904
59.08844
19.7402
90.00907
31.634123
86.77738
31.634123
86.77738
26.792427
37.01674
23.001757
19.090704
37.026054
40.78761
23.510422
49.30634
27.007635
34.85849
17.157867
49.30634
23.121279
112.585815
85.27909
68.59327
87.50482
87.50482
56.286427
81.069115
68.59327
14.985375
11.351352
65.740715
21.301687
34.27446
19.172115
58.494846
19.172115
41.18252
33.328915
33.328915
43.092903
41.64163
34.10994
73.19159
20.06838
170.31339
170.31339
170.31339
170.31339
170.31339
12.1583805
32.257572
18.753223
37.31759
71.86135
74.73089
170.31339
74.03566
22.152653
6.736098
10.836878
6.736098
10.836878
10.836878
30.161528
33.46761
32.80248
25.112892
22.152653
23.906527
6.736098
10.836878
92.787025
32.495785
75.42951
81.26887
32.495785
23.280367
37.90566
104.56507
89.94645
64.4926
104.56507
50.97909
37.90566
18.503222
33.99829
46.873814
33.99829
26.946861
28.614054
118.58788
17.17101
27.08125
46.873814
38.77736
21.786243
73.44272
16.100098
60.353374
103.551834
35.136066
21.786243
71.7401
106.61685
44.58326
71.7401
71.694305
67.25337
60.189175
106.61685
50.983753
26.163382
25.869877
18.015099
56.78932
24.467577
24.467577
75.68445
75.68445
28.488358
24.467577
35.30214
58.334427
23.900703
55.34652
79.50728
44.007145
50.949665
19.65907
52.764465
38.150284
34.713753
71.38806
52.074814
28.028915
36.566746
16.396301
27.26787
19.65907
50.949665
60.882168
34.17897
58.121758
61.488358
60.882168
80.36164
55.644764
67.461296
27.757017
27.757017
76.913055
25.85989
47.16748
27.757017
14.196656
16.419308
81.12041
41.435795
41.435795
29.353226
59.13765
29.870953
28.917204
22.218298
29.870953
91.74753
69.79149
47.262024
22.218298
59.13765
64.44841
30.915018
28.917204
23.516134
32.22299
32.22299
32.22299
83.12978
23.516134
32.22299
107.0922
59.622128
54.640205
60.3071
18.976221
63.747658
16.49206
18.976221
63.747658
11.569458
24.006838
180.74008
31.405676
65.62078
40.130142
13.237675
13.237675
30.8273
54.266003
55.846813
43.177956
55.846813
73.8167
73.28375
55.094154
55.094154
22.328812
87.30294
28.168024
12.526309
69.13837
37.929592
73.28375
74.09088
70.92168
55.094154
100.42532
84.14881
23.805204
20.299412
102.14526
80.92288
70.4705
117.35145
49.990658
93.96254
63.598587
80.92288
41.39361
36.353985
36.353985
74.623665
74.623665
74.623665
74.623665
74.623665
64.27826
8.318895
74.623665
62.061996
64.27826
51.52875
8.318895
67.97729
30.757488
60.42878
27.160793
33.012936
64.01533
79.3649
102.75334
49.860466
83.456955
46.67595
64.80188
29.183502
27.135572
46.67595
83.456955
49.860466
104.01249
74.2874
22.586048
69.52753
23.347319
36.80923
22.586048
36.302418
32.439507
16.764397
48.207993
37.332623
56.075855
53.35042
28.813644
40.388863
53.35042
69.48766
56.075855
17.351944
81.82648
52.001537
22.33923
41.632652
53.78387
17.351944
25.977161
8.099379
25.977161
14.65241
18.668556
22.76527
46.89713
23.422274
46.89713
23.422274
87.891235
40.33622
85.08324
43.628834
19.28308
12.731364
24.732155
43.628834
16.505758
19.28308
10.94727
11.970001
59.555832
36.31111
12.731364
24.732155
78.13763
20.630457
65.13424
72.511154
14.885784
20.630457
17.62212
42.84286
50.79499
44.018723
38.41625
44.018723
38.41625
46.87103
115.615555
12.731321
20.47301
12.731321
29.06323
20.47301
25.37424
4.377192
66.03645
16.56209
65.4615
84.934746
66.03645
10.074056
34.835514
83.791794
34.835514
28.591112
98.25011
109.199425
45.942684
45.942684
45.942684
45.942684
30.499792
29.799757
45.942684
76.852036
71.048355
27.921293
43.14814
76.852036
57.36041
29.685701
13.914065
39.59568
67.212395
57.36041
51.64501
50.005543
28.103508
48.748592
35.737297
31.814646
48.69059
16.7169
37.58773
58.911736
16.7169
42.140003
37.58773
96.52662
45.57443
29.262436
58.414757
20.672546
16.86867
88.367065
42.164284
40.012554
57.127796
29.258026
25.762236
66.55853
63.93327
66.55853
63.93327
24.993101
44.560062
25.546745
40.902435
69.46339
93.069145
53.321915
72.56199
21.797651
13.653126
84.60975
27.85346
13.653126
78.894035
29.200228
84.60975
42.352856
18.512957
77.18345
46.53007
31.396582
42.688076
34.29238
48.930943
83.29629
107.49523
52.5628
46.993183
83.33787
53.734695
52.084743
52.35734
76.646324
32.80847
14.549855
59.649384
42.792652
58.70127
22.53705
25.737862
33.955704
67.74115
34.803257
95.63837
121.45873
26.231092
26.025995
26.231092
83.55436
120.80202
36.98639
40.082375
31.394186
72.09951
99.015305
72.09951
16.802423
34.346443
32.782265
76.98615
90.51228
45.67064
22.875212
40.04643
39.111595
83.39449
37.61391
52.10384
77.742744
81.64223
99.04053
74.51867
71.09525
43.723255
55.36873
49.49507
25.875687
75.26058
66.57585
44.68668
65.50678
53.911346
38.376255
43.951954
65.50678
33.04672
70.15303
54.024956
35.256382
77.311745
43.080067
58.0803
30.474829
45.378963
62.515667
45.378963
62.515667
23.40035
66.343735
23.40035
66.343735
32.18019
16.154106
34.07478
62.060104
83.126656
44.82642
23.518534
27.86173
23.518534
42.46905
18.598833
37.423958
34.172096
171.04938
34.172096
62.882935
44.24803
45.855545
64.68274
26.816692
18.254358
18.254358
40.32254
35.938953
33.945286
26.218227
21.409996
21.409996
26.218227
27.330786
27.330786
106.2382
105.00683
18.987047
50.96372
14.812057
15.2973175
49.507885
97.01041
57.733337
23.1133
26.785496
80.82727
37.92434
93.42294
62.088745
30.093267
93.42294
48.568066
38.960915
64.56144
176.57181
35.044647
48.568066
26.752783
39.828655
49.761974
55.45659
55.45659
13.662871
70.19378
34.8671
13.662871
40.635166
40.635166
24.41628
81.20929
39.304928
39.304928
16.839437
39.304928
26.131931
64.28409
64.28409
20.234177
26.15668
47.51865
35.123222
12.169286
46.1762
35.56847
51.43274
107.85765
44.97238
29.55334
137.50786
20.614958
57.10547
137.50786
52.53101
18.464577
38.78391
19.86137
18.362337
18.464577
19.86137
38.78391
66.86388
66.44666
23.827366
23.714188
40.230854
40.230854
24.488209
81.64364
29.038763
67.17148
34.01819
34.01819
66.90981
15.849869
29.038763
46.3451
67.17148
58.822826
35.824238
23.688265
48.393257
44.676506
19.364763
48.393257
44.676506
71.11904
35.92385
35.64392
35.92385
11.928393
35.64392
35.92385
47.49133
77.38784
41.438705
77.38784
47.49133
27.65777
71.62267
96.19517
42.944775
42.21845
42.11845
42.944775
93.54744
120.825516
25.922369
35.17701
43.014015
64.84702
42.037785
68.79726
66.884895
10.157064
27.193874
27.193874
27.193874
27.193874
27.193874
27.193874
88.68398
27.193874
32.086884
38.789204
30.315449
34.896816
25.110792
73.00453
33.511997
45.614597
59.39157
45.614597
20.403156
43.250385
24.82506
59.39157
66.02943
66.02943
149.15544
32.13654
34.559925
41.779385
149.15544
11.962478
53.14189
66.02943
35.621918
95.09137
41.59221
41.59221
41.59221
47.62695
28.506618
26.483599
35.621918
47.62695
41.59221
95.09137
49.538853
40.0221
46.53403
50.48848
42.90411
67.68848
72.968956
23.113672
11.296869
28.434969
87.25494
11.296869
28.434969
68.981995
88.734825
85.085014
16.496622
86.27615
32.33855
17.613773
59.499287
107.162964
47.44241
31.197855
17.613773
16.092073
35.722733
91.95369
24.051777
137.36136
45.576572
33.714996
45.85841
24.743908
100.66148
22.25236
20.97592
63.19125
91.36167
80.84087
57.98589
34.653706
49.754242
58.714252
15.986662
34.653706
34.65378
50.560024
152.46342
56.695393
56.695393
80.4195
29.768864
40.506756
63.57307
54.79718
23.077576
46.82643
40.506756
47.194035
76.19974
54.79718
23.90932
23.077576
63.57307
52.726353
65.707436
31.973026
37.21911
65.707436
53.778564
15.612947
74.63031
31.973026
52.726353
103.72155
37.31864
37.31864
37.31864
41.136566
38.288353
42.757442
37.31864
25.675564
26.206665
26.206665
31.706982
18.03906
25.675564
26.381926
16.328777
26.206665
32.17436
106.39037
19.243616
81.300255
24.044563
71.9928
47.969124
19.243616
24.483515
84.06235
53.794014
60.00327
95.34225
25.030117
21.117342
50.783165
95.34225
31.59502
60.00327
53.794014
77.56776
45.145557
74.60446
27.881182
45.145557
19.147808
131.21127
131.21127
77.47369
33.855854
44.031364
54.488594
44.031364
54.488594
65.39006
46.23118
106.19756
148.8909
71.47745
70.655846
79.55653
73.55412
36.062916
33.250153
25.873493
42.358604
68.36429
25.908041
59.93475
77.93265
25.908041
68.36429
42.358604
60.499264
40.892464
37.035725
82.24661
41.31422
41.31422
37.906624
65.43812
82.24661
69.76941
69.683586
59.26899
45.21632
45.050896
45.050896
16.42394
107.12448
16.42394
16.206896
16.84223
45.21632
27.90489
19.357172
66.10339
23.190575
93.0379
66.10339
23.190575
60.23802
49.13718
27.90489
19.357172
99.45914
77.048805
93.0379
51.56579
24.75083
23.4224
25.19081
32.03556
75.7162
51.123825
66.4209
32.03556
105.67841
104.408424
52.40134
105.67841
34.107445
53.76475
53.82129
72.539085
30.585257
118.25741
16.153345
20.079548
29.777416
38.41971
38.41971
14.901577
34.39511
25.195679
104.0299
64.79711
56.780243
20.079548
29.777416
22.105663
95.128204
84.14752
82.88485
79.58794
83.34901
84.970894
77.48184
88.94713
95.128204
86.48235
33.857826
47.376656
35.91353
88.676414
26.805277
71.97623
72.39665
31.342255
48.24771
76.21629
31.342255
60.474575
38.822178
72.39665
88.70928
99.50332
71.97623
59.647537
48.24771
57.600914
53.639355
67.11026
57.600914
91.59082
52.544426
77.8043
60.20333
91.59082
37.67312
34.4034
38.555435
86.94429
109.3866
78.47325
47.814835
95.20433
59.537846
86.30216
76.53693
90.42128
151.75688
46.171143
40.53463
27.69502
68.56543
47.551758
106.36873
32.815845
49.89627
68.56543
96.26983
25.584171
76.03322
80.72922
20.356129
93.138214
59.64491
23.587765
23.577534
93.138214
101.65161
101.43002
13.747551
20.356129
80.72922
35.18533
94.04726
94.04726
47.265858
58.64054
110.79131
53.850018
84.79152
40.929485
36.613228
41.81367
52.725254
36.450054
117.14485
32.323742
32.323742
52.725254
47.026203
117.14485
33.92203
41.81367
111.24743
93.32794
109.38167
36.450054
72.864456
72.864456
44.15968
67.74454
13.382432
72.864456
44.15968
29.117617
66.74843
66.74843
21.323898
37.86258
74.641
76.886
73.31499
74.641
94.92771
52.1588
86.83642
78.94915
76.886
83.744095
56.58271
59.390244
82.43148
59.71227
46.847374
56.209072
53.68291
53.68291
30.53423
99.9872
30.53423
70.36567
46.80915
53.68291
61.73683
33.55761
48.694824
40.106014
40.106014
49.19889
60.871326
75.17521
47.6335
20.14663
148.2001
58.273293
58.273293
60.23526
74.075615
37.771732
22.673862
23.233398
44.216686
60.23526
60.23526
54.953327
63.69593
25.110332
67.01237
60.23526
58.273293
44.216686
23.233398
74.075615
65.02013
24.979105
37.771732
22.673862
20.019846
51.31349
68.58598
68.48535
80.66214
66.11554
108.1836
74.018974
66.11554
40.817753
52.393696
74.018974
131.27061
92.23672
45.72693
108.1836
66.11554
35.892445
60.26698
22.01709
42.584602
36.852688
36.852688
48.576523
85.7524
20.107618
20.705194
88.08809
31.947367
12.537515
68.64748
30.737062
43.043644
13.938905
12.537515
59.344654
40.190475
76.4918
60.325615
20.20889
44.416435
31.648624
113.09988
31.648624
35.05518
72.44521
105.27653
58.07084
123.04346
60.905743
41.104744
115.83321
19.900288
19.900288
63.32749
19.900288
35.552223
51.099983
35.552223
37.735703
64.20565
102.87824
63.32749
92.14341
53.20807
51.383232
35.336414
88.05447
61.45158
41.104744
81.533775
59.84379
115.83321
19.900288
78.994316
79.70547
94.56296
85.36267
79.70547
33.733738
101.52043
86.62076
94.56296
22.72136
30.436863
55.472565
158.51315
158.51315
75.358315
44.402176
43.43496
62.925503
50.326096
88.862114
64.559616
55.472565
50.61555
28.563705
30.436863
23.06527
23.315954
39.372395
67.149086
74.58779
49.897984
49.76931
56.143208
56.143208
83.6495
74.58779
30.39003
156.09694
39.01346
49.897984
71.16822
92.33682
49.76931
23.766064
44.309555
82.22062
73.83216
52.418842
32.49205
31.466335
56.143208
52.75452
58.265472
52.102753
70.2711
40.203815
57.918163
48.47571
52.102753
141.3055
37.24645
70.27316
40.950516
40.950516
40.950516
20.066006
40.950516
20.066006
89.53151
40.950516
125.263
85.157234
64.05327
40.06517
49.37298
40.06517
58.651913
44.630836
100.13089
49.37298
40.06517
58.651913
40.969612
52.552746
40.065563
54.873093
92.36184
61.22338
35.341652
87.62939
56.986702
48.36642
47.41735
32.86874
87.62939
21.140997
77.05734
68.42014
83.64603
64.75464
48.953304
83.64603
100.077736
56.795246
107.6706
49.259747
49.268196
29.195345
60.95817
29.762856
64.75464
48.953304
91.60711
50.31502
45.703243
46.434467
45.703243
51.416767
29.75905
46.434467
76.17694
45.703243
18.560171
27.286211
76.9722
52.553703
21.003874
30.499893
67.823395
19.636532
49.035675
29.844955
101.865776
120.31826
62.223152
67.823395
71.99112
80.57504
99.39232
103.272446
58.614212
19.636532
28.31169
86.61543
49.07409
26.26399
35.340908
54.771416
28.711075
66.99374
99.2686
81.20661
41.061893
28.31169
32.738663
28.2391
58.49461
74.91463
62.436714
65.765144
64.11283
74.91463
88.60004
58.49461
56.17266
35.439575
28.515356
28.2391
42.99569
21.440006
68.311844
72.44501
37.29661
24.571962
24.571962
24.571962
24.571962
24.571962
24.571962
74.75841
26.503454
80.44986
80.799225
27.964916
66.785225
25.400099
51.382706
45.58389
62.933014
82.46571
74.14461
55.60496
45.650158
74.85633
27.98196
54.58221
45.58389
41.99319
62.933014
53.186825
48.676643
19.242859
68.957405
52.415085
51.516052
52.415085
19.242859
32.523746
98.592606
101.590744
30.987629
89.55179
65.5407
30.987629
32.523746
21.191246
63.821365
67.65579
98.592606
101.590744
82.52546
79.24111
34.213028
77.370544
34.213028
88.56896
53.49078
76.35031
35.934864
34.6233
78.10525
112.20643
76.82831
101.4343
77.89657
67.49476
70.40219
29.52832
48.98798
96.35155
69.446594
75.92164
64.73471
46.968033
26.69026
107.4086
58.556274
61.82578
14.01997
16.563652
30.28537
28.546333
87.84465
21.45325
21.45325
21.45325
134.8953
76.99406
55.6457
76.99406
68.41036
21.181583
21.45325
28.410091
26.410786
19.31896
134.8953
72.390236
40.60265
82.484314
91.348564
84.77942
42.10394
55.66517
36.142963
76.21374
91.348564
84.77942
105.24094
72.390236
40.60265
82.484314
105.12131
97.27506
63.823082
61.268833
22.542217
55.56367
61.268833
63.823082
35.12222
52.747948
41.61528
40.40509
22.542217
27.586395
35.93793
66.73759
54.41167
47.487648
54.41167
21.838467
16.805426
49.19155
35.93793
66.73759
94.88898
99.54673
60.270397
58.983295
80.48852
57.354595
23.233702
20.77783
33.788567
24.409586
19.644526
78.79852
42.015907
53.633053
42.015907
73.11991
86.34595
62.814842
78.79852
19.644526
30.440634
65.78464
30.383116
46.29341
20.425268
29.257658
30.383116
20.883902
46.269596
99.81151
46.269596
20.883902
29.167963
92.09656
71.00798
15.61347
57.41862
15.432388
15.432388
22.555374
57.41862
15.61347
15.432388
13.192024
56.044674
87.60616
83.757965
91.25099
78.395905
61.90432
57.628517
61.90432
67.667206
63.738495
80.91188
67.45129
57.619514
46.76815
17.758696
73.825455
42.71138
46.76815
65.9021
65.9021
50.15756
85.10442
66.19041
87.83918
24.770262
33.28152
57.864735
36.527275
68.01231
63.018158
62.422817
67.10689
14.733667
65.041214
62.422817
50.895294
81.58895
36.527275
63.018158
68.01231
48.11228
75.40989
30.115393
28.859222
89.25818
28.33
28.859222
78.566986
75.40989
44.612038
74.008995
88.662315
89.25818
59.498257
80.08545
30.115393
91.38146
97.717674
28.33
65.70302
39.213833
39.213833
48.722797
70.82552
42.894264
7.5375376
43.853073
51.707798
39.213833
48.722797
19.676956
82.452774
44.779324
58.182938
32.487755
59.008823
19.676956
24.972406
31.717653
85.4997
58.479733
112.037056
77.688965
88.35549
25.041027
71.09425
47.621826
40.503513
68.02324
29.549702
18.622974
68.02324
41.0761
41.0761
49.321365
33.52321
123.64866
43.741825
15.720298
16.808033
90.67564
34.934685
15.720298
16.808033
81.65115
69.97613
45.93105
93.91229
75.38295
49.889664
20.961933
22.36636
22.36636
71.18083
20.961933
71.17521
37.306404
22.36636
57.53876
60.45009
60.45009
60.45009
85.46091
52.429928
65.384346
85.46091
60.45009
142.79076
97.071335
88.33239
19.814016
88.33239
97.071335
90.844795
71.37976
94.89245
80.722626
90.844795
94.89245
144.6461
71.37976
88.82053
58.393322
62.62649
14.887641
53.572205
64.047935
98.0478
32.845135
49.797253
101.520805
76.808975
98.0478
69.00386
21.689379
61.015766
61.015766
61.015766
66.42388
30.42723
21.930365
21.701363
64.87128
51.313293
65.86312
35.403694
28.063496
57.21573
83.39764
39.034515
39.536434
50.670067
103.75128
15.845597
23.660751
83.68644
28.392822
28.392822
15.845597
83.68644
60.773163
28.392822
23.660751
84.70534
29.069283
61.91
52.726543
51.574665
65.06312
52.726543
84.70534
51.574665
85.13168
29.069283
61.91
25.572618
22.430134
22.044207
53.455322
53.455322
46.431957
53.455322
22.064262
77.48132
110.83386
50.93602
83.851326
74.1658
43.1689
25.963486
25.963486
43.1689
44.168434
35.169025
104.4417
78.37167
38.10266
49.33689
64.08237
21.100927
69.84464
21.100927
68.48384
46.548866
31.645576
43.256325
26.394007
47.23425
57.568127
32.665485
101.74932
34.793774
23.493149
47.23425
25.767347
57.568127
98.45366
70.86198
23.767004
78.15449
99.75959
82.066765
64.13644
19.091944
82.06877
20.616577
64.503395
70.90226
47.50814
50.139492
52.2205
47.50814
51.22328
47.50814
27.18793
72.80621
24.84066
50.139492
27.185806
63.21823
70.90226
51.22328
64.503395
34.837593
52.2205
47.244297
77.676704
27.18793
37.89927
38.103127
22.784037
22.784037
22.784037
22.784037
93.15407
61.411747
22.46727
35.76813
167.1459
22.784037
19.175858
22.500778
78.319214
38.450733
28.037016
59.37996
38.103127
33.80802
26.277338
40.79509
43.62614
24.439032
54.306927
59.697468
65.86428
24.439032
99.28725
58.914696
19.124245
12.962691
58.914696
57.713554
48.713043
98.571075
87.34948
57.141342
48.27582
27.075191
27.075191
27.075191
27.075191
27.075191
27.075191
27.075191
52.611687
34.08973
36.986843
30.866642
27.075191
73.414154
31.183887
31.406134
47.180664
47.98315
73.414154
31.183887
31.406134
47.98315
72.17326
77.78424
135.43555
94.65948
47.180664
22.655489
22.655489
22.655489
37.586826
22.655489
44.433483
49.016396
37.586826
75.51621
80.09367
68.7754
40.771225
68.7754
72.99965
75.56172
80.09367
60.35245
78.0864
29.658918
34.188896
80.00964
47.239788
34.628666
35.319523
25.435247
29.658918
29.867752
38.92084
20.035772
64.36418
34.188896
76.261505
85.82127
44.2145
31.210123
128.31564
117.40829
44.2145
67.30931
128.31564
117.40829
85.82127
69.99702
73.310455
67.30931
10.361141
32.172077
44.2145
31.210123
26.710135
70.597664
44.191822
42.132996
52.77569
52.77569
43.106052
32.9369
37.82546
29.956535
69.92567
90.05418
52.77569
80.399475
42.132996
74.71588
63.870163
46.06062
46.06062
60.161022
32.454704
60.61027
69.99436
69.99436
32.454704
60.61027
90.425606
24.617819
64.6272
72.10793
90.425606
11.73862
67.06377
11.73862
85.20352
88.37684
67.06377
52.088177
79.738594
55.984917
62.37224
43.413506
79.738594
70.52694
37.19516
40.00664
40.00664
66.05328
55.08917
55.08917
79.150444
71.05894
61.872314
40.00664
68.05549
66.05328
47.524918
55.08917
30.131973
19.272951
27.623583
74.50017
36.42769
78.6412
16.730316
107.83979
59.156105
59.156105
48.401264
32.225918
59.156105
111.303505
32.225918
111.303505
59.156105
43.95045
75.07604
48.401264
44.735703
111.93336
45.709793
99.891335
16.664936
28.392591
63.753174
44.735703
111.93336
166.41034
111.54385
104.242966
68.00541
84.52604
84.52604
90.249664
35.823067
35.823067
34.790447
68.72256
84.52604
70.99297
35.823067
68.01489
34.790447
38.430454
61.962566
68.191055
47.101364
6.8485518
90.249664
70.41521
70.41521
77.840294
81.14143
71.90151
18.954405
18.954405
74.44026
69.07046
55.621845
105.516685
90.20615
15.409095
69.654396
50.81887
80.59705
18.382282
26.54327
35.94797
69.50543
61.72881
17.348562
18.382282
49.0485
34.034817
69.44173
26.54327
35.94797
13.053079
82.791306
51.83002
13.053079
82.791306
38.697044
89.82597
62.19739
62.19739
16.753141
13.469879
54.486965
65.08279
170.95369
74.569016
62.202213
34.242023
27.361198
49.923405
29.002047
49.923405
79.975426
34.242023
27.361198
43.85883
49.02734
61.07303
29.392628
30.148272
37.20808
41.61309
43.85883
71.574165
49.02734
67.10991
67.10991
60.255768
45.326717
67.10991
60.255768
69.43588
97.41156
61.597412
61.597412
62.297558
61.597412
32.662167
55.906696
55.906696
55.906696
57.17506
78.74643
56.639782
61.325184
56.639782
125.43634
57.17506
78.74643
23.91942
51.53718
32.662167
55.906696
14.420786
17.253365
84.28397
22.585756
59.72306
17.256552
84.28397
89.33997
73.37799
22.585756
21.698725
28.956749
78.55276
21.698725
30.818768
91.468346
35.754787
69.5629
61.55477
61.36482
52.34106
61.36482
15.817372
21.162085
20.342916
61.55477
73.28241
24.48903
24.613176
40.647762
40.647762
40.647762
40.647762
20.249023
52.683006
52.683006
75.73427
40.647762
77.131546
24.613176
40.647762
20.249023
77.131546
44.5194
63.31967
52.683006
75.73427
104.11599
104.11599
57.30963
44.227833
89.94415
62.246086
22.031136
26.497684
22.031136
39.071087
15.600191
98.523926
46.270744
74.174034
93.53858
67.78131
39.5723
69.24812
67.46146
82.07666
56.442192
78.678505
31.605812
27.86864
78.40296
103.275986
80.859955
72.734085
97.02558
46.796703
13.869927
92.11807
66.14774
72.209694
75.538284
72.209694
50.652412
92.11807
36.851967
66.14774
74.35058
14.965657
14.965657
88.717354
95.6753
52.562386
35.1829
20.309296
67.353775
24.998571
37.436993
100.71183
78.77869
81.50967
66.66461
80.141045
17.188879
17.188879
41.327507
36.93767
48.858772
19.528458
14.820895
101.875046
102.27968
27.513117
27.549664
47.504456
59.72278
106.634056
51.884907
38.036133
38.036133
55.05876
84.27465
45.94388
51.508
38.036133
106.569534
32.124702
23.60217
23.60217
36.080284
41.973507
23.60217
16.15744
170.43741
32.124702
62.47263
96.234
47.17507
32.983486
62.47263
26.226688
26.739079
26.226688
28.081188
14.042647
14.042647
14.042647
14.042647
14.042647
14.042647
62.930702
63.19393
91.84728
23.499292
56.099735
70.480995
50.914043
14.042647
73.02246
34.78837
74.12847
23.647856
30.153698
30.30379
60.94012
40.804092
45.919064
49.647404
107.41261
31.977634
91.32911
93.036575
45.919064
102.33063
65.05528
58.228245
71.03094
113.105225
36.981865
73.435265
75.17667
73.435265
87.60836
105.812645
27.210922
36.69851
75.17667
73.789856
89.225296
60.568535
29.525974
34.80383
89.225296
31.22879
66.05446
86.91693
73.17971
43.302853
27.904818
35.643692
110.34267
46.941433
46.941433
46.941433
62.09902
23.829935
46.941433
82.02174
43.037586
62.09902
126.78785
86.41746
21.315771
23.380602
84.15101
34.28967
52.63693
61.465317
84.63881
86.32691
58.15106
57.76508
59.372253
59.372253
93.84802
59.372253
82.57036
41.279213
38.430782
39.1097
109.488655
54.492065
54.592148
80.97668
53.39841
62.2084
21.54361
75.24616
82.7981
75.24616
103.717674
59.551132
60.71703
60.71703
53.07873
53.347935
62.26588
29.51578
59.42124
25.701616
29.750504
73.67221
29.51578
59.42124
61.553852
34.762978
23.11799
22.259935
33.667824
57.34864
57.34864
57.34864
57.34864
59.068703
21.594944
130.6569
41.337715
57.34864
51.106724
51.106724
81.59098
81.59098
81.59098
81.59098
58.861305
97.44187
61.099976
51.106724
26.89911
58.769234
26.89911
55.417316
26.89911
58.769234
69.508804
68.04773
26.090282
26.21838
29.896696
40.61567
59.715996
61.937183
63.29428
38.65894
58.026455
89.941475
59.24208
34.911015
70.68757
59.715996
90.02559
59.016884
58.48063
81.64947
39.472843
59.016884
58.48063
24.715956
28.502707
52.804996
45.971287
72.77522
17.46791
12.613864
17.46791
32.391094
16.867355
17.46791
12.613864
16.4727
16.4727
16.4727
16.4727
16.4727
16.4727
16.4727
82.02673
16.4727
32.691547
35.573044
68.336
67.51021
69.68913
67.51021
33.26993
28.226372
19.988028
103.026375
39.45721
32.381218
22.729136
13.878859
39.45721
19.89286
30.042665
16.033976
36.893223
32.381218
63.719887
52.60713
37.62693
53.000458
42.496693
63.023613
37.62693
63.775017
53.000458
64.26013
85.14284
64.4241
77.46306
18.677984
23.231676
48.99688
96.64081
58.57555
48.99688
32.549854
30.715944
64.512764
96.64081
18.362366
18.362366
18.25968
76.39455
73.30975
61.935223
8.357042
41.73317
8.357042
32.27475
31.977844
27.334208
13.762801
13.762801
13.762801
27.334208
13.762801
37.088913
17.70893
22.790592
30.058323
30.058323
37.259796
95.68165
30.066305
37.259796
21.30603
88.62642
60.086643
88.62642
60.086643
34.995712
21.306767
53.026653
52.723293
52.723293
52.723293
52.723293
53.026653
53.026653
52.723293
52.248466
51.97662
41.692944
20.448423
49.135483
39.657234
108.31894
83.21916
26.936008
34.305748
23.582708
85.541176
23.584503
43.969017
56.62305
34.924046
62.892086
34.924046
56.62305
59.446053
59.446053
63.42718
77.406166
52.97767
22.415464
38.560017
19.236921
19.874397
77.406166
35.172413
10.001357
10.001357
10.001357
51.9507
54.735912
35.172413
27.635477
65.96728
60.883568
32.2266
32.2266
29.03776
19.250963
78.79232
73.14898
83.06762
96.44082
95.05713
41.315243
46.607403
63.499435
69.37285
18.134903
18.134903
54.623062
49.24283
18.134903
24.46387
75.30176
54.62709
103.2889
107.68489
86.35051
54.10777
54.10777
60.18083
83.31045
123.75903
18.902271
88.92943
35.710377
88.92943
28.00972
69.56525
72.786644
21.12868
13.502078
26.65251
68.79441
42.446686
17.53438
73.069824
102.802795
54.012856
78.980965
31.563223
66.631775
66.631775
77.325584
100.41807
55.273983
106.10434
91.37533
135.74193
26.153254
62.263313
28.299934
135.74193
40.48334
56.872353
26.153254
37.18625
91.37533
76.067635
176.03754
171.02647
171.02647
53.718914
47.32655
68.60764
47.8039
25.962591
87.639465
44.17816
115.20593
67.862885
66.01294
99.080124
99.080124
67.862885
71.7804
78.425026
127.648445
15.635866
99.080124
75.79434
63.33653
71.577065
67.86472
66.01294
76.765465
39.443726
43.970203
47.94418
65.28942
67.17073
105.752045
43.89149
55.070507
61.81843
24.950666
46.162548
24.950666
47.81916
55.149426
95.1341
74.255486
77.36483
74.51706
69.27109
46.030056
117.77804
77.23005
74.855354
46.11326
58.432564
39.697258
29.78416
28.097563
71.04003
26.84092
45.12048
67.05487
39.496662
45.12048
14.175941
85.19782
24.45119
62.69191
49.016624
49.93079
63.650223
96.21485
62.69191
99.51988
62.68025
55.77939
31.855211
49.082798
26.925928
79.38405
66.57928
17.657347
103.70349
127.16562
104.08904
98.31377
27.744272
28.566574
23.40748
41.540348
76.068184
50.392532
41.54234
32.811577
54.31949
78.930885
43.756145
53.87011
86.21022
43.242588
32.118645
76.2553
76.2553
103.58327
43.926773
71.855415
32.118645
24.499422
35.76636
54.424297
21.20221
55.668716
21.205013
29.800314
55.669594
48.24109
77.2991
30.98393
51.386852
23.806952
86.93578
72.5081
72.721466
94.28321
94.284645
59.455288
46.58352
102.39997
25.391636
25.391636
25.391636
25.394503
42.3044
88.86118
98.0047
29.848495
60.42625
62.649803
59.56408
60.42625
53.14245
59.564457
62.65016
65.47512
36.32756
31.045477
31.045477
68.12017
26.3224
36.55799
43.5611
68.12017
36.32756
31.061453
46.342472
127.31689
110.11392
54.184086
25.324057
61.066166
46.342472
31.502481
31.502481
31.502481
31.502481
7.760233
27.48313
31.502481
7.760233
60.488472
92.0381
60.488472
53.839413
17.10187
17.10187
31.160582
31.160582
89.600494
34.856297
61.573666
65.16257
57.38982
66.7673
34.025894
66.79151
57.39505
61.573666
78.606674
65.16257
94.18328
108.443054
44.625576
40.67571
94.18328
83.94312
74.9059
40.96795
20.531076
74.9059
55.916138
77.107994
40.96795
49.92337
114.343956
74.064514
32.855106
32.855106
51.053715
104.8363
114.92635
115.21666
38.236782
56.723606
104.83676
29.195066
37.222584
41.80269
34.570652
76.14081
364.35803
42.50542
80.12749
18.618319
20.958157
34.570652
20.552721
94.23348
73.3583
65.05732
83.75872
62.047848
62.047848
38.929447
44.07428
44.07428
54.880436
97.5691
43.51982
57.26364
81.208595
39.659805
24.957556
27.12935
27.12935
27.12935
27.12935
54.40494
114.19085
57.888226
50.11033
44.58654
71.99437
66.266335
79.06747
36.258892
33.354744
44.408203
44.408203
15.626392
97.30531
48.341946
57.08062
15.626392
59.4219
49.02812
44.408203
45.93993
17.415762
17.406229
35.90545
35.90545
81.26828
55.95496
61.20073
48.260773
35.90545
53.15858
61.008526
112.8052
74.90204
41.009716
67.65675
79.26791
34.94292
33.024296
104.26887
60.370975
27.899544
65.506546
59.670284
36.148495
51.471333
94.09616
65.506546
27.899544
51.295704
22.3602
48.976936
33.011135
42.07166
42.07166
86.7422
33.011135
84.00919
45.338856
43.72077
44.705017
76.549904
78.13607
70.98312
83.05685
48.8073
60.081467
132.2232
43.75267
55.860336
80.65421
22.079712
23.403376
84.64408
27.907328
75.09991
30.02587
15.008699
30.02587
15.008699
68.63221
98.268196
95.41274
20.348534
20.348534
61.084206
16.746744
57.284233
56.71781
76.06821
86.31474
79.90514
37.402966
78.70439
62.84923
119.40355
48.918465
96.97196
43.665577
78.59489
13.295387
53.14348
56.576378
80.24493
57.182907
96.075455
99.17369
26.23908
26.23908
53.93959
24.048868
32.776505
26.451393
26.239552
51.36452
122.34328
47.73324
53.94339
75.180275
53.357594
63.2259
83.04392
17.610086
63.928787
68.025986
78.22467
[(0.0, 6), (0.0, 6), (2.1291373, 5), (2.277056, 6), (4.377192, 6)]
3
