[(55.32393, 4)]
4
[(55.32393, 4), (56.36494, 5), (56.211063, 5)]
5
[(55.32393, 4), (56.211063, 5), (56.36494, 5), (59.136387, 5), (58.303486, 6)]
5
[(55.32393, 4), (56.211063, 5), (56.36494, 5), (59.136387, 5), (59.999897, 3), (60.784374, 5), (58.303486, 6)]
5
[(55.32393, 4), (56.211063, 5), (56.36494, 5), (58.303486, 6), (59.136387, 5), (59.999897, 3), (60.784374, 5), (61.44038, 5), (61.35407, 5)]
5
[(55.32393, 4), (56.211063, 5), (56.36494, 5), (58.303486, 6), (59.136387, 5), (59.999897, 3), (60.784374, 5), (61.44038, 5), (61.77925, 5), (62.08215, 5), (61.35407, 5)]
5
[(55.32393, 4), (56.211063, 5), (56.36494, 5), (58.303486, 6), (59.136387, 5), (59.999897, 3), (60.784374, 5), (61.44038, 5), (61.77925, 5), (62.08215, 5), (62.087578, 5), (62.400684, 5), (61.35407, 5)]
5
0: (-0.11928898389022356, 6.6956100071276925)
1: (-0.17109474048824938, 6.353965266497869)
2: (-0.006739330669243304, 5.900431621303894)
3: (-0.017038016496077384, 5.98680638258857)
4: (-0.08509990964220417, 6.267431687528714)
5: (0.009284186188906408, 5.849884301183548)
6: (-0.035423264034630676, 6.34839943686666)
7: (-9.09424629699395, 96.2772069110237)
8: (0.5831539780661861, 4.018658975933947)
9: (0.04165507214306888, 5.673863282963712)
10: (0.31346930440054266, 2.582009378554786)
Po czym klasyfikowac podaj jedno pole?
